1.464192181217151556e-01 1.444503175067893552e-01 5.167343315159910605e-02 1.409297033294775181e-01 -5.017666408211347157e-03 1.599230967909808787e-01 1.351763545175059811e-01 -1.301548063392959746e-02 1.467867065142080540e-01 9.534829337230344218e-03 -6.813940140890454786e-03 1.488844498839674568e-01 1.359130643743310662e-01 1.257933392820569651e-01 1.386408208426797295e-01 1.355868848730412135e-01
1.127208449644238608e-01 1.443175985017102481e-01 5.327189299443923359e-02 1.510286929205655604e-01 9.767516465733435988e-05 1.467534502290789855e-01 1.346861714278416722e-01 -9.862561009092666447e-03 1.168296257840104047e-01 1.588125431795476411e-02 1.714842431381342056e-04 1.399725677746493091e-01 1.458206964066677824e-01 1.190886234854381803e-01 1.422504941463214045e-01 1.490894274086085880e-01
1.166800237592132694e-01 1.239277340875207939e-01 4.541641278357375078e-02 1.445961498425440694e-01 -8.094840615525595619e-04 1.346067271381431174e-01 1.270143011496019658e-01 6.174309427471327653e-03 1.209300128434407512e-01 -2.528677415141397308e-02 2.405429971958081888e-03 1.339727556764046534e-01 1.222455506796834845e-01 1.195171629371457461e-01 1.248999752510113609e-01 1.518666731876369413e-01
1.277776569976157295e-01 1.476341093113257286e-01 5.223784365179583861e-02 1.165903976970828204e-01 -9.538318646712019497e-03 1.263781849614415975e-01 1.514004613652124298e-01 5.332110974765291202e-03 1.477837574717872360e-01 5.108590346578957900e-03 5.249427302336183952e-03 1.315830485416544238e-01 1.402906356153060530e-01 1.207673072198948150e-01 1.371438106702099202e-01 1.380946972957103336e-01
1.087441305013436416e-01 1.447355281634555846e-01 4.798928550704924939e-02 1.644292595295766268e-01 -7.394240410150390921e-03 1.296226549771327952e-01 1.388666055089750051e-01 -2.002938394908888257e-03 1.406334549062989991e-01 2.584053407062722810e-02 1.880370384658364494e-02 1.728868676470761978e-01 1.607243261041871041e-01 1.350293795549786513e-01 1.371010015541107852e-01 1.443198237842530374e-01
1.278356153590393118e-01 1.441947106216710517e-01 7.610499878410027785e-02 1.461866198030827846e-01 -4.375297687593244058e-04 1.352492423659013288e-01 1.397632252626082872e-01 -4.307588150754168045e-03 1.511352114603138064e-01 1.524741651117248690e-03 7.822772740471238551e-03 1.432102542938753498e-01 1.419638198798762740e-01 1.191943444339308850e-01 1.441626529586897965e-01 1.461110950885793625e-01
1.235995880287909521e-01 1.355855713725842571e-01 4.942958686603803053e-02 1.330656580302274905e-01 -1.170222183215344040e-02 1.413700139946881262e-01 1.555180128488278524e-01 5.966889098028844984e-03 1.472548349296577963e-01 -1.160647114680592173e-02 -4.907694652881330367e-03 1.486046233980322928e-01 1.256582219922108834e-01 1.213708684005288946e-01 1.257615306014384093e-01 1.411802076416864005e-01
1.244243783964798927e-01 1.292358828167252116e-01 7.225578101940548226e-02 1.330016437616537428e-01 1.358498217304853969e-02 1.359716506856596951e-01 1.266764639250050062e-01 1.289886728458528031e-02 1.471583845684760194e-01 -2.138039450539827233e-03 -2.326308923383857733e-04 1.302306125713105500e-01 1.287340306080795305e-01 1.370633965866792647e-01 1.567960977433851821e-01 1.294314144304110625e-01
1.107690375767030472e-01 1.119672149751392981e-01 4.927509023261527482e-02 1.484588510346486201e-01 -8.165900600943642312e-03 1.182412053076828951e-01 1.482085193109433097e-01 -3.693047785865140840e-03 1.270749807339733028e-01 -1.265348806722543622e-02 -5.260812027181295536e-03 1.362138406139566660e-01 1.356121365715775295e-01 1.166746205959086624e-01 1.432887577724850925e-01 1.456088554491107578e-01
1.142663042518495403e-01 1.244455951189558374e-01 6.692367482158657899e-02 1.239966779094474891e-01 2.712459209461700010e-04 1.409651708824784244e-01 1.376584538189284113e-01 5.943334891251715211e-04 1.220710550695978808e-01 -6.123188375145906422e-03 -1.560694513192813909e-02 1.268785520796828492e-01 1.342272304076174705e-01 1.226527069937977527e-01 1.397646433532574728e-01 1.405520145189362857e-01
1.155571510538566521e-01 1.270624149843580519e-01 5.318539297517056730e-02 1.379205222636659955e-01 6.252517308697277780e-03 1.402679231621978273e-01 1.297349564177957548e-01 2.947107240288350874e-02 1.450451728098035853e-01 -1.359906012598131354e-02 -7.629142084041554313e-03 1.326195977955088590e-01 1.471812600158520778e-01 1.132738466236597463e-01 1.672081354815927179e-01 1.565316773010291818e-01
1.112156702358954308e-01 1.305101898251021242e-01 5.984120012721258486e-02 1.350347771502027616e-01 1.869072239505399982e-02 1.453357932234449479e-01 1.205789121182390955e-01 -1.915458898177875915e-02 1.322695606367959298e-01 -2.116937967079667027e-02 -6.566582314099118738e-03 1.435513266423622536e-01 1.266145272151920909e-01 1.125230366825268197e-01 1.459284261842914432e-01 1.389163436143429076e-01
1.259792383298990182e-01 1.482407224210577357e-01 4.921064771878433386e-02 1.389839953822128438e-01 -6.579618368186861826e-03 1.359061411187803825e-01 1.418713657622141522e-01 4.713453083460545485e-04 1.386130258941058457e-01 -1.039972093583461064e-02 4.125327814609437878e-03 1.361432573488283726e-01 1.264461267225321373e-01 1.090777581211810898e-01 1.366944845525350782e-01 1.396923937446355457e-01
1.063715552574591300e-01 1.466334754357212222e-01 6.875839388555254894e-02 1.330079774991586028e-01 -2.187409217464924508e-03 1.294015355039923043e-01 1.321598159308763065e-01 -1.033868217165714171e-02 1.157747006492458042e-01 1.033770931002992929e-02 9.980901075604854331e-03 1.267855762189769864e-01 1.565025365723794193e-01 1.151444237494624601e-01 1.333468169547677162e-01 1.315330762637091921e-01
1.311804803666619113e-01 1.420513315354016981e-01 5.025738702887082299e-02 1.343820196189961513e-01 -1.379633720975524842e-02 1.328371958751694004e-01 1.371752227316710981e-01 6.034535546184259872e-03 1.333008599214859646e-01 7.626995667419967512e-03 -1.014115860815116912e-02 1.213926965205331665e-01 1.335760402925577905e-01 1.215789058744096152e-01 1.376417507864925172e-01 1.480057789065507834e-01
1.172267947473989436e-01 1.400971961032609903e-01 6.353978430026348267e-02 1.400784927283077186e-01 4.361707831106921389e-03 1.433661007547073485e-01 1.358836859375692208e-01 1.525903766098816831e-02 1.418729375731149212e-01 -5.470311545725387893e-03 1.081690097605001594e-02 1.397740662018227553e-01 1.310502853137560375e-01 1.129608548622106218e-01 1.407598247218603826e-01 1.531376329685058824e-01
