3.351892854585314940e-01 3.511761329227262585e-01 3.249070929647343564e-01 3.465260105491903553e-01 3.528564937940223412e-01 3.442976541497801968e-01 3.324363635693522445e-01 3.395082234923909592e-01 3.277887747660548357e-01 3.123442854825913551e-01 3.301384344468098475e-01 3.295901786666618483e-01 3.322140054071164861e-01 3.474229447151443440e-01 3.190627207174723257e-01 3.365695414757172710e-01
3.280465291618999690e-01 3.179600037668109391e-01 3.206570047460707285e-01 3.327146074583350321e-01 3.529906463950312490e-01 3.215375544851832856e-01 3.271387108508317931e-01 3.301398679978465034e-01 3.380598060974959185e-01 3.101990810518491237e-01 3.310775310364669766e-01 3.280215389689388750e-01 3.091253814504547059e-01 3.211113757126494717e-01 3.387795373802854892e-01 3.374079094930014788e-01
3.562623175682383403e-01 3.446821046103503705e-01 3.278564913556190619e-01 3.399818215654084597e-01 3.644335622050509649e-01 3.721713614469413511e-01 3.415488517404872137e-01 3.611414549886722281e-01 3.316410500063137201e-01 3.444437588219238511e-01 3.418859717199176917e-01 3.418987444210165316e-01 3.359892114994618706e-01 3.530436343450911729e-01 3.562939703987171303e-01 3.469481286606332371e-01
4.087190525704845756e-01 3.871763433647137931e-01 3.732814966509872545e-01 3.839342482820011226e-01 4.300269176923489090e-01 4.006754046806509928e-01 3.822885769158727021e-01 3.833994804718595106e-01 3.914733915477071613e-01 3.801045683545305476e-01 3.802319496079968886e-01 4.007375138268159942e-01 3.893209687921914131e-01 3.854634481582973615e-01 3.769490242636236443e-01 3.822572400747004662e-01
3.326199556368527599e-01 3.299839102168070637e-01 3.202554088549822708e-01 3.178244268866415867e-01 3.462102856118502991e-01 3.428988097271915003e-01 3.386475504063308772e-01 3.235519854649307470e-01 3.333869380398133964e-01 3.212212106976319315e-01 3.390341334038212140e-01 3.249819039000323984e-01 3.394663378076170357e-01 3.261839128080058492e-01 3.325420831941001132e-01 3.368963778121702446e-01
3.497587063584843836e-01 3.454083958517832342e-01 3.283158461274706674e-01 3.580353055408404539e-01 3.533416851589432639e-01 3.468525356868074616e-01 3.415874246917469659e-01 3.582122990383254657e-01 3.259772912897903607e-01 3.414331864937559802e-01 3.480760556482588863e-01 3.533289974113077991e-01 3.472503321003334031e-01 3.527029505659161068e-01 3.250865343982897726e-01 3.644159183024571758e-01
3.573133121947089652e-01 3.456275128749925485e-01 3.246397685730325611e-01 3.184125773064715448e-01 3.521786085100712116e-01 3.611852352292198032e-01 3.537861296581752968e-01 3.320590961589418022e-01 3.208224491799754330e-01 3.316814115131468954e-01 3.538651388269378195e-01 3.337896640354204303e-01 3.424217694871943274e-01 3.361953471280744732e-01 3.238502297774882299e-01 3.372236061321892131e-01
3.525148484883978139e-01 3.395480597052790706e-01 3.116475045846337499e-01 3.147852451828165310e-01 3.321639297037638494e-01 3.609906677012869602e-01 3.319054778149114759e-01 3.197993685712610668e-01 3.254431449411426258e-01 3.158478465366155175e-01 3.425492576135945599e-01 3.242801992252468124e-01 3.365228862356796635e-01 3.136617102807201518e-01 3.257813176109206066e-01 3.218004296802983166e-01
3.363880467467683655e-01 3.318713633285986231e-01 3.364778170737333651e-01 3.512878496448239019e-01 3.489403879142291554e-01 3.302609120455440306e-01 3.258535966434049080e-01 3.464633451290886623e-01 3.427616266654844868e-01 3.342079425531532810e-01 3.304409449424679512e-01 3.372291489078986793e-01 3.388639645220608010e-01 3.267176263978627260e-01 3.341103123742389380e-01 3.305371349289179528e-01
3.384932405342499506e-01 3.472002140648561275e-01 3.396915462812233888e-01 3.410532922545049250e-01 3.476916926689874732e-01 3.439159834325491993e-01 3.428572486160875732e-01 3.447798279357696671e-01 3.406193076562281652e-01 3.417609713666732718e-01 3.493888066641536172e-01 3.182661521113869796e-01 3.228310290064755339e-01 3.294026163745262803e-01 3.452543859985313657e-01 3.545201692022580953e-01
